60446
53625
50132
48041
46654
45652
44918
44358
43898
43532
43219
42963
42744
42549
42384
42235
42102
41982
41876
41782
41695
41612
41539
41473
41411
41352
41299
41248
41203
41160
41120
41082
41047
41013
40981
40952
40922
40895
40870
40845
40822
40800
40779
40759
40740
40721
40704
40687
40671
40655
40640
40625
40611
40598
40585
40573
40560
40549
40538
40527
40516
40506
40496
40487
40477
40468
40460
40451
40443
40435
40427
40419
40412
40405
40398
40391
40384
40378
40372
40365
40359
40354
40348
40342
40337
40332
40326
40321
40316
40311
40307
40302
40297
40293
40289
40284
40280
40276
40272
